0.25 0.00436332 722 0.68893
0.5 0.00872664 1253 0.793893
0.75 0.01309 1657 0.900396
1 0.0174533 2247 0.885165
1.25 0.0218166 2641 0.941201
1.5 0.0261799 3268 0.912523
1.75 0.0305432 3789 0.917957
2 0.0349066 4351 0.913283
2.25 0.0392699 4819 0.927312
2.5 0.0436332 5341 0.929254
2.75 0.0479965 5796 0.941496
3 0.0523598 6153 0.967
3.25 0.0567232 6887 0.935415
3.5 0.0610865 7231 0.95887
3.75 0.0654498 7824 0.948883
4 0.0698131 8166 0.969084
4.25 0.0741764 8704 0.965299
4.5 0.0785398 9218 0.964338
4.75 0.0829031 9749 0.961678
5 0.0872664 10196 0.967073
5.25 0.0916297 10700 0.966714
5.5 0.095993 11184 0.967993
5.75 0.100356 11754 0.961952
6 0.10472 12075 0.976069
6.25 0.109083 12442 0.985671
6.5 0.113446 13002 0.979832
6.75 0.11781 13638 0.968921
7 0.122173 14359 0.953183
7.25 0.126536 14520 0.975038
7.5 0.1309 14843 0.985411
7.75 0.135263 15650 0.964437
8 0.139626 15619 0.996121
8.25 0.14399 16447 0.974119
8.5 0.148353 16900 0.975273
8.75 0.152716 17156 0.987452
9 0.15708 17822 0.976159
9.25 0.161443 18354 0.972603
9.5 0.165806 18512 0.988703
9.75 0.170169 18968 0.98862
10 0.174533 19484 0.98537
10.25 0.178896 19838 0.990182
10.5 0.183259 20499 0.979799
10.75 0.187623 20653 0.993751
11 0.191986 21300 0.984049
11.25 0.196349 21670 0.987255
11.5 0.200713 22079 0.988475
11.75 0.205076 22476 0.990052
12 0.209439 22873 0.991446
12.25 0.213803 23255 0.993305
12.5 0.218166 23550 0.99865
12.75 0.222529 23864 1.00293
13 0.226893 24501 0.993703
13.25 0.231256 24857 0.995945
13.5 0.235619 25046 1.00465
13.75 0.239983 25144 1.01676
14 0.244346 25474 1.01927
14.25 0.248709 26130 1.00885
14.5 0.253073 26376 1.01433
14.75 0.257436 26615 1.01984
15 0.261799 26972 1.02065
15.25 0.266162 26971 1.03485
15.5 0.270526 27413 1.03197
15.75 0.274889 27570 1.03969
16 0.279252 28387 1.02284
16.25 0.283616 28357 1.03687
16.5 0.287979 28551 1.04255
16.75 0.292342 29065 1.03649
17 0.296706 28988 1.05151
17.25 0.301069 29444 1.04717
17.5 0.305432 29348 1.06245
17.75 0.309796 29977 1.05162
18 0.314159 29705 1.07268
18.25 0.318522 30157 1.06773
18.5 0.322886 30364 1.07136
18.75 0.327249 30435 1.07961
19 0.331612 31096 1.06704
19.25 0.335976 31088 1.07757
19.5 0.340339 31119 1.08659
19.75 0.344702 31052 1.09892
20 0.349066 31263 1.10128
20.25 0.353429 31525 1.10168
20.5 0.357792 31638 1.10712
20.75 0.362156 31691 1.11449
21 0.366519 31744 1.1217
21.25 0.370882 32116 1.11752
21.5 0.375245 32069 1.12785
21.75 0.379609 32197 1.13187
22 0.383972 32251 1.13833
22.25 0.388335 32304 1.14466
22.5 0.392699 32294 1.15306
22.75 0.397062 32215 1.16382
23 0.401425 32370 1.16598
23.25 0.405789 31938 1.18945
23.5 0.410152 32409 1.1796
23.75 0.414515 32143 1.19671
24 0.418879 32307 1.19779
24.25 0.423242 32279 1.20585
24.5 0.427605 32343 1.21031
24.75 0.431969 32491 1.21147
25 0.436332 32119 1.23209
25.25 0.440695 31964 1.24453
25.5 0.445059 31812 1.25682
25.75 0.449422 32017 1.25492
26 0.453785 31846 1.26769
26.25 0.458149 31934 1.27004
26.5 0.462512 31291 1.30195
26.75 0.466875 31611 1.29436
27 0.471239 31306 1.31246
27.25 0.475602 31497 1.30979
27.5 0.479965 30981 1.33682
27.75 0.484328 30505 1.36281
28 0.488692 30259 1.37889
28.25 0.493055 30241 1.38455
28.5 0.497418 29792 1.41015
28.75 0.501782 29241 1.44137
29 0.506145 28874 1.46422
29.25 0.510508 28103 1.50887
29.5 0.514872 27461 1.54853
29.75 0.519235 26940 1.58277
30 0.523598 25876 1.65211
30.25 0.527962 24399 1.75643
30.5 0.532325 23404 1.83537
30.75 0.536688 21844 1.97079
31 0.541052 20210 2.13456
31.25 0.545415 18417 2.34696
31.5 0.549778 16398 2.64077
31.75 0.554142 14676 2.95568
32 0.558505 12780 3.39957
32.25 0.562868 11164 3.89739
32.5 0.567232 9612 4.53279
32.75 0.571595 7893 5.52677
33 0.575958 6465 6.75504
33.25 0.580321 5373 8.13599
33.5 0.584685 4322 10.1233
33.75 0.589048 3441 12.7248
34 0.593411 2825 15.5095
34.25 0.597775 2275 19.2691
34.5 0.602138 1765 24.8471
34.75 0.606501 1371 31.9971
35 0.610865 1084 40.4758
35.25 0.615228 865 50.7267
35.5 0.619591 714 61.4515
35.75 0.623955 576 76.1618
36 0.628318 441 99.449
36.25 0.632681 352 124.545
36.5 0.637045 267 164.111
36.75 0.641408 254 172.404
37 0.645771 214 204.48
37.25 0.650135 141 310.085
37.5 0.654498 113 386.551
37.75 0.658861 97 449.832
38 0.663225 80 544.78
38.25 0.667588 66 659.489
38.5 0.671951 72 603.685
38.75 0.676315 58 748.271
39 0.680678 47 921.901
39.25 0.685041 33 1310.74
39.5 0.689404 38 1136.17
39.75 0.693768 31 1390.01
40 0.698131 35 1228.61
40.25 0.702494 28 1532.42
40.5 0.706858 21 2038.55
40.75 0.711221 20 2135.35
41 0.715584 17 2505.87
41.25 0.719948 15 2832.55
41.5 0.724311 12 3531.02
41.75 0.728674 7 6035.99
42 0.733038 14 3009.09
42.25 0.737401 7 5999.74
42.5 0.741764 3 13955
42.75 0.746128 6 6954.56
43 0.750491 5 8317.13
43.25 0.754854 1 41439.7
43.5 0.759218 1 41289.7
43.75 0.763581 5 8227.12
44 0.767944 1 40977.4
44.25 0.772308 0 0
44.5 0.776671 1 40649.1
44.75 0.781034 1 40479.1
45 0.785397 0 0
45.25 0.789761 0 0
45.5 0.794124 0 0
45.75 0.798487 0 0
46 0.802851 0 0
46.25 0.807214 0 0
46.5 0.811577 0 0
46.75 0.815941 1 38982.6
47 0.820304 0 0
47.25 0.824667 0 0
47.5 0.829031 0 0
47.75 0.833394 0 0
48 0.837757 0 0
48.25 0.842121 0 0
48.5 0.846484 0 0
48.75 0.850847 0 0
49 0.855211 0 0
49.25 0.859574 0 0
49.5 0.863937 0 0
49.75 0.868301 0 0
50 0.872664 0 0
50.25 0.877027 0 0
50.5 0.881391 0 0
50.75 0.885754 0 0
51 0.890117 0 0
51.25 0.89448 0 0
51.5 0.898844 0 0
51.75 0.903207 0 0
52 0.90757 0 0
52.25 0.911934 0 0
52.5 0.916297 0 0
52.75 0.92066 0 0
53 0.925024 0 0
53.25 0.929387 0 0
53.5 0.93375 0 0
53.75 0.938114 0 0
54 0.942477 0 0
54.25 0.94684 0 0
54.5 0.951204 0 0
54.75 0.955567 0 0
55 0.95993 0 0
55.25 0.964294 0 0
55.5 0.968657 0 0
55.75 0.97302 0 0
56 0.977384 0 0
56.25 0.981747 0 0
56.5 0.98611 0 0
56.75 0.990474 0 0
57 0.994837 0 0
57.25 0.9992 0 0
57.5 1.00356 0 0
57.75 1.00793 0 0
58 1.01229 0 0
58.25 1.01665 0 0
58.5 1.02102 0 0
58.75 1.02538 0 0
59 1.02974 0 0
59.25 1.03411 0 0
59.5 1.03847 0 0
59.75 1.04283 0 0
60 1.0472 0 0
60.25 1.05156 0 0
60.5 1.05592 0 0
60.75 1.06029 0 0
61 1.06465 0 0
61.25 1.06901 0 0
61.5 1.07338 0 0
61.75 1.07774 0 0
62 1.0821 0 0
62.25 1.08647 0 0
62.5 1.09083 0 0
62.75 1.09519 0 0
63 1.09956 0 0
63.25 1.10392 0 0
63.5 1.10828 0 0
63.75 1.11265 0 0
64 1.11701 0 0
64.25 1.12137 0 0
64.5 1.12574 0 0
64.75 1.1301 0 0
65 1.13446 0 0
65.25 1.13883 0 0
65.5 1.14319 0 0
65.75 1.14755 0 0
66 1.15192 0 0
66.25 1.15628 0 0
66.5 1.16064 0 0
66.75 1.16501 0 0
67 1.16937 0 0
67.25 1.17373 0 0
67.5 1.1781 0 0
67.75 1.18246 0 0
68 1.18682 0 0
68.25 1.19119 0 0
68.5 1.19555 0 0
68.75 1.19991 0 0
69 1.20428 0 0
69.25 1.20864 0 0
69.5 1.213 0 0
69.75 1.21737 0 0
70 1.22173 0 0
70.25 1.22609 0 0
70.5 1.23046 0 0
70.75 1.23482 0 0
71 1.23918 0 0
71.25 1.24355 0 0
71.5 1.24791 0 0
71.75 1.25227 0 0
72 1.25664 0 0
72.25 1.261 0 0
72.5 1.26536 0 0
72.75 1.26973 0 0
73 1.27409 0 0
73.25 1.27845 0 0
73.5 1.28282 0 0
73.75 1.28718 0 0
74 1.29154 0 0
74.25 1.29591 0 0
74.5 1.30027 0 0
74.75 1.30463 0 0
75 1.309 0 0
75.25 1.31336 0 0
75.5 1.31772 0 0
75.75 1.32209 0 0
76 1.32645 0 0
76.25 1.33081 0 0
76.5 1.33518 0 0
76.75 1.33954 0 0
77 1.3439 0 0
77.25 1.34827 0 0
77.5 1.35263 0 0
77.75 1.35699 0 0
78 1.36136 0 0
78.25 1.36572 0 0
78.5 1.37008 0 0
78.75 1.37445 0 0
79 1.37881 0 0
79.25 1.38317 0 0
79.5 1.38754 0 0
79.75 1.3919 0 0
80 1.39626 0 0
80.25 1.40063 0 0
80.5 1.40499 0 0
80.75 1.40935 0 0
81 1.41372 0 0
81.25 1.41808 0 0
81.5 1.42244 0 0
81.75 1.42681 0 0
82 1.43117 0 0
82.25 1.43553 0 0
82.5 1.4399 0 0
82.75 1.44426 0 0
83 1.44862 0 0
83.25 1.45299 0 0
83.5 1.45735 0 0
83.75 1.46171 0 0
84 1.46608 0 0
84.25 1.47044 0 0
84.5 1.4748 0 0
84.75 1.47917 0 0
85 1.48353 0 0
85.25 1.48789 0 0
85.5 1.49226 0 0
85.75 1.49662 0 0
86 1.50098 0 0
86.25 1.50535 0 0
86.5 1.50971 0 0
86.75 1.51407 0 0
87 1.51844 0 0
87.25 1.5228 0 0
87.5 1.52716 0 0
87.75 1.53153 0 0
88 1.53589 0 0
88.25 1.54025 0 0
88.5 1.54462 0 0
88.75 1.54898 0 0
89 1.55334 0 0
89.25 1.55771 0 0
89.5 1.56207 0 0
89.75 1.56643 0 0
90 1.57079 0 0
