Number_Of_detectors
18

Positions_of_detectors_X_Y_angle(against_clock_in_degrees)
1 113.304 1020.730 145.245 269.74
2 109.271 1019.960 145.233 272.43
3 104.634 1019.461 145.152 273.775
4 97.941 1018.335 145.188 264.69
5 92.024 1017.580 145.229 283.42
6 82.344 1018.104 145.229 264.62
7 32.366 994.693 145.517 348.06
8 37.268 953.926 145.642 26.983
9 83.355 936.211 144.981 70.51
10 89.949 936.713 144.902 82.072
11 94.949 936.204 144.874 75.274
12 118.747 934.262 145.002 101.001
13 124.687 934.314 144.987 111.553
14 131.732 938.551 144.818 131.47
15 134.761 943.610 145.238 127.14
16 139.487 944.260 145.306 133.09
17 144.015 945.514 145.327 138.83
18 193.022 994.757 144.806 190.30